0.000000000000000000e+00 0.000000000000000000e+00 0.000000000000000000e+00
1.000000000000000056e-01 -5.139500000000000318e-02 0.000000000000000000e+00
0.000000000000000000e+00 -4.099999999999999756e-01 0.000000000000000000e+00
0.000000000000000000e+00 -3.900000000000000133e-01 0.000000000000000000e+00
0.000000000000000000e+00 -5.000000000000000278e-02 1.300000000000000044e-01
1.000000000000000021e-02 2.000000000000000042e-03 5.999999999999999778e-02
-1.000000000000000056e-01 -5.139500000000000318e-02 0.000000000000000000e+00
0.000000000000000000e+00 -4.099999999999999756e-01 0.000000000000000000e+00
0.000000000000000000e+00 -3.900000000000000133e-01 0.000000000000000000e+00
0.000000000000000000e+00 -5.000000000000000278e-02 1.300000000000000044e-01
-1.000000000000000021e-02 2.000000000000000042e-03 5.999999999999999778e-02
0.000000000000000000e+00 9.360499999999999376e-02 0.000000000000000000e+00
0.000000000000000000e+00 1.000000000000000056e-01 0.000000000000000000e+00
0.000000000000000000e+00 2.823499999999999899e-01 0.000000000000000000e+00
0.000000000000000000e+00 1.926499999999999879e-01 0.000000000000000000e+00
1.000000000000000021e-03 1.575000000000000011e-01 0.000000000000000000e+00
1.176470000000000016e-01 0.000000000000000000e+00 0.000000000000000000e+00
1.732410000000000061e-01 -1.732410000000000061e-01 0.000000000000000000e+00
1.697059999999999957e-01 -1.697059999999999957e-01 0.000000000000000000e+00
8.050599999999999423e-02 -8.404200000000000559e-02 0.000000000000000000e+00
-1.000000000000000021e-03 1.575000000000000011e-01 0.000000000000000000e+00
-1.176470000000000016e-01 0.000000000000000000e+00 0.000000000000000000e+00
-1.732410000000000061e-01 -1.732410000000000061e-01 0.000000000000000000e+00
-1.697059999999999957e-01 -1.697059999999999957e-01 0.000000000000000000e+00
-8.050599999999999423e-02 -8.404200000000000559e-02 0.000000000000000000e+00
