0.000000000000000000e+00 0.000000000000000000e+00 0.000000000000000000e+00
-9.999997913837432861e-03 -2.000361680984497070e-03 -6.000000238418579102e-02
-0.000000000000000000e+00 5.000001192092895508e-02 -1.299999952316284180e-01
-0.000000000000000000e+00 3.900000154972076416e-01 -0.000000000000000000e+00
-0.000000000000000000e+00 4.099999964237213135e-01 -0.000000000000000000e+00
-1.000000014901161194e-01 5.139535665512084961e-02 -0.000000000000000000e+00
1.185914756297468234e-19 9.360462427139282227e-02 0.000000000000000000e+00
0.000000000000000000e+00 1.000000238418579102e-01 0.000000000000000000e+00
1.000000047497451305e-03 1.575000286102294922e-01 0.000000000000000000e+00
1.176470016362145543e-01 0.000000000000000000e+00 0.000000000000000000e+00
2.450000122189521790e-01 0.000000000000000000e+00 0.000000000000000000e+00
2.399999797344207764e-01 0.000000000000000000e+00 0.000000000000000000e+00
1.163530349731445312e-01 -2.499699592590332031e-03 0.000000000000000000e+00
