0.000000000000000000e+00 0.000000000000000000e+00 0.000000000000000000e+00 1.000000000000000000e+00
0.000000000000000000e+00 0.000000000000000000e+00 0.000000000000000000e+00 1.000000000000000000e+00
1.085314261634207217e-01 -8.366719485631245179e-03 -6.571194528902846686e-03 9.940360893561391853e-01
1.828221252744251513e-01 -9.401750140210397497e-03 -3.078106940157669322e-02 9.826190530266237788e-01
1.662854797708875065e-01 -3.943445235670835561e-03 -5.669471134586458183e-02 9.844385700298664554e-01
1.280711901981288481e-01 -1.061431866119464393e-03 -2.527584886020279309e-01 9.590150103326051667e-01
-9.592952914864687208e-02 -2.577351230799361237e-01 -2.251159030364331126e-01 9.347154443831450221e-01
4.746404482725963964e-02 9.814906023947664870e-01 7.621732152354146472e-02 1.691575648889860062e-01
6.014535182109667089e-01 5.004188392419337550e-01 4.720402581360859107e-01 4.062174854215698794e-01
-1.700041846590256978e-01 -2.676428111218857042e-01 6.329280559772043624e-01 7.063058677443587730e-01
-5.303694761540116431e-01 -5.619498609285907831e-01 3.799878121700708822e-01 5.084582924573652907e-01
3.006881498256588348e-01 1.617956082018150166e-01 6.607686671327589467e-01 6.684262010548541744e-01
3.006881498256588348e-01 1.617956082018150166e-01 6.607686671327589467e-01 6.684262010548541744e-01
