1.099999994039535522e-01 3.200033307075500488e-02 1.899999976158142090e-01
1.000000014901161194e-01 2.999997138977050781e-02 1.299999952316284180e-01
1.029101973698017120e-01 1.068533424187854686e-01 1.387467467777640795e-02
1.251614277671676545e-01 4.700436619464489763e-01 1.542231218904877577e-01
1.703899401364005195e-01 8.547342347076104518e-01 2.886386788956468719e-01
1.080699467122767099e-01 9.463836446202888997e-01 3.075618674748822334e-01
1.682930283007969818e-01 1.016786103258038310e+00 3.209222546972288481e-01
2.153217835826312099e-01 1.104810195372094350e+00 3.145929456899448917e-01
2.249967445936728039e-01 1.259889676597339303e+00 3.403613108818196453e-01
2.312929721285533202e-01 1.375826015093070342e+00 3.593333937675688428e-01
2.448999795969081794e-01 1.617171213993608969e+00 3.992376579845955953e-01
2.640143538570713377e-01 1.852970717680855639e+00 4.396508368995606930e-01
2.746375261010124413e-01 1.967207474232176789e+00 4.591800178763634777e-01
