0.000000000000000000e+00 0.000000000000000000e+00 0.000000000000000000e+00 1.000000000000000000e+00
0.000000000000000000e+00 0.000000000000000000e+00 0.000000000000000000e+00 -1.000000000000000000e+00
-1.085314261634207217e-01 8.366719485631243444e-03 6.571194528902844952e-03 -9.940360893561390743e-01
-7.489098741117106162e-02 3.263734576190560014e-03 2.464974899568784378e-02 -9.968816769886211793e-01
1.699351695929359612e-02 -1.339383139007319090e-04 2.624965712247524785e-02 -9.995109593910588286e-01
3.432861344436097945e-02 3.203219867838223017e-02 1.947826669128439880e-01 -9.797219999658761669e-01
-1.468021828701246700e-01 -2.992575793994766697e-01 5.347799954658683658e-02 9.412938562643590190e-01
-1.407126812315119269e-01 9.643856899281959549e-01 1.912423454491245789e-01 -1.165613474075961054e-01
3.427028061488137101e-01 3.374852484054733925e-01 -6.154574455841572700e-01 -6.243962095027872916e-01
9.369361262372368770e-01 1.244326958912689296e-03 3.969471614661962411e-04 -3.494981966118438366e-01
5.421358624306857887e-01 -1.026292588299992925e-02 7.014147578783005987e-03 -8.401988935678263992e-01
9.401994571041558668e-01 -6.821034646707191396e-03 -1.180713547721923273e-03 3.405540489598052334e-01
4.163336342344337027e-17 -4.163336342344337027e-17 0.000000000000000000e+00 1.000000000000000000e+00
